59000
71000
80000
42000
82000
92000
59000
63000
114000
85000
116000
55000
107000
103000
77000
57000
53000
107000
100000
119000
40000
58000
93000
79000
52000
107000
106000
62000
77000
115000
71000
120000
78000
102000
63000
119000
80000
109000
57000
91000
66000
108000
84000
65000
48000
48000
112000
94000
49000
97000
85000
60000
55000
54000
102000
43000
88000
103000
71000
48000
105000
62000
95000
120000
48000
103000
118000
96000
51000
104000
73000
86000
103000
82000
89000
79000
41000
109000
41000
107000
57000
66000
43000
40000
104000
50000
120000
69000
49000
119000
93000
65000
116000
73000
99000
82000
115000
113000
91000
92000